练习
6.2 a 
    index:   1   2   3   4   5   6   7   8   9  10  11  12  13  14  15 
    elem:    1   3   2   6   7   5   4  15  14  12   9  10  11  13   8 
    
    b
    index:   1   2   3   4   5   6   7   8   9  10  11  12  13  14  15 
    elem:    1   3   2  12   6   4   8  15  14   9   7   5  11  13  10 


6.3
    a
    DeleteMin(3 times):
    index:   1   2   3   4   5   6   7   8   9  10  11  12 
    elem:    4   6   5  13   7  10   8  15  14  12   9  11 

    b
    DeleteMin(3 times):
    index:   1   2   3   4   5   6   7   8   9  10  11  12 
    elem:    4   6   5  12   7  10   8  15  14   9  13  11 


6.17
    index:   1   2   3   4   5   6   7   8   9  10  11  12  13  14  15
    elem:    1   2   3   7   6   5   4   8   9  10  11  12  13  14  15 
